21 15
10 9
8 8 8 8 8 8 8 8 8 8 8 8 8 8 8 8 8 8 8 8 8
8 8 8 8 8 8 8 8 8 8 8 8 8 8 8 8 8 8 8 8 8
8 8 8 8 8 8 8 8 8 8 8 8 8 8 8 8 8 8 8 8 8
8 8 8 8 8 8 8 8 8 8 8 8 8 8 8 8 8 8 8 8 8
8 8 8 8 8 8 8 6 6 6 6 6 6 6 8 8 8 8 8 8 8
8 8 8 8 8 8 8 6 5 5 5 5 5 6 8 8 8 8 8 8 8
8 8 8 8 8 8 8 6 5 5 5 5 5 6 8 8 8 8 8 8 8
8 8 8 8 8 8 8 6 5 5 5 5 5 6 8 8 8 8 8 8 8
8 8 8 8 8 8 8 6 5 5 5 5 5 6 8 8 8 8 8 8 8
8 8 8 8 8 8 8 6 5 5 5 5 5 6 8 8 8 8 8 8 8
8 8 8 8 8 8 8 6 6 6 5 6 6 6 8 8 8 8 8 8 8
8 8 8 8 8 8 8 8 8 6 5 6 8 8 8 8 8 8 8 8 8
8 8 8 8 8 8 8 8 8 8 8 8 8 8 8 8 8 8 8 8 8
8 8 8 8 8 8 8 8 8 8 8 8 8 8 8 8 8 8 8 8 8
8 8 8 8 8 8 8 8 8 8 8 8 8 8 8 8 8 8 8 8 8